Project Euler (projecteuler.net) Problem 79
Solution by Kevin Retzke (retzkek@gmail.com), April 2012

  3 1       9
      6   8   0
    1     8   0
      6     9 0
    1   2   9
      6 2     0
7     6 2
  3 1     8
  3   6   8
7   1         0
7       2     0
7   1         0
      6 2   9
    1 6   8
    1 6       0
      6   8 9
7   1 6
7 3 1
7 3   6
7       2   9
  3 1 6
7   1         0
7     6     9
        2   9 0
7   1       9
      6   8   0
  3 1     8
  3       8 9
    1 6 2
7   1     8
7       2   9
  3 1       9
7           9 0
      6   8   0
          8 9 0
  3   6 2
  3 1       9
7     6       0
  3 1 6
7       2   9
  3       8   0
  3 1       9
7       2 8
7   1 6

7 3 1 6 2 8 9 0

Alternate solution method:

319 319
680 319680
180 
690 316980
129 3162980
620
762 31762980
689 31762890
762
318
368
710 37162890
720
710
629 
168
160
689
716
731 73162890
736
729
316
729
729
710
769
290
719
680
318
389
162
289
162
718
729
319
790
680
890
362
319
760
316
729
380
319
728
716
